4294967294,0
4294967278,512
4294967278,132
4294967278,131
4294967278,130
4294967278,129
4294967278,128
4294967278,127
4294967278,126
4294967278,125
4294967278,124
4294967278,123
4294967278,122
4294967278,121
4294967278,120
4294967278,119
4294967278,118
4294967278,117
4294967278,116
4294967278,115
4294967278,114
4294967278,113
4294967278,112
4294967278,109
4294967278,108
4294967278,107
4294967278,104
4294967278,103
4294967278,102
4294967278,101
4294967278,100
4294967278,99
4294967278,98
4294967278,97
4294967278,96
4294967278,543
4294967278,95
4294967278,542
4294967278,94
4294967278,93
4294967278,92
4294967278,91
4294967278,90
4294967278,89
4294967278,541
4294967278,87
4294967278,540
4294967278,86
4294967278,85
4294967278,84
4294967278,83
4294967278,82
4294967278,81
4294967278,313
4294967278,80
4294967278,538
4294967278,79
4294967278,312
4294967278,78
4294967278,77
4294967278,76
4294967278,75
4294967278,74
4294967278,73
4294967278,72
4294967278,536
4294967278,71
4294967278,70
4294967278,69
4294967278,68
4294967278,67
4294967278,66
4294967278,65
4294967278,535
4294967278,64
4294967278,534
4294967278,63
4294967278,62
4294967278,61
4294967278,60
4294967278,59
4294967278,305
4294967278,58
4294967278,57
4294967278,260
4294967278,532
4294967278,56
4294967278,55
4294967278,54
4294967278,53
4294967279,344
4294967279,343
4294967279,63
4294967279,340
4294967279,57
4294967279,56
4294967279,54
4294967279,51
4294967279,49
4294967279,42
4294967279,41
4294967279,40
4294967279,36
4294967279,35
4294967279,34
4294967279,33
4294967279,30
4294967279,26
4294967279,24
4294967279,22
4294967279,21
4294967279,19
4294967279,13
4294967279,9
4294967279,8
4294967279,7
4294967279,6
4294967279,5
4294967279,4
4294967278,111
4294967278,233
4294967278,110
4294967278,231
4294967294,17
4294967294,42
4294967294,67
4294967294,76
4294967294,36
4294967294,39
4294967294,52
4294967294,25
4294967294,415
4294967294,26
4294967294,82
4294967294,83
4294967278,106
4294967278,223
4294967278,105
4294967278,221
0,5
44,4
44,3
44,2
44,1
4294967279,358
4294967278,553
43,4
43,3
43,2
43,1
4294967278,552
42,6
42,5
42,4
42,3
42,2
42,1
41,6
41,5
41,4
41,3
41,2
41,1
4294967279,357
40,6
40,5
40,4
40,3
40,2
40,1
4294967279,356
39,5
39,4
39,3
39,2
39,1
4294967278,551
38,6
38,5
38,4
38,3
38,2
38,1
4294967278,550
4294967279,355
37,4
37,3
37,2
37,1
4294967278,549
4294967278,548
36,6
36,5
36,4
36,3
36,2
36,1
4294967278,547
35,535
35,534
35,533
35,532
35,531
35,530
35,529
35,528
35,527
35,526
35,525
35,524
35,523
35,522
35,521
35,520
35,519
35,518
35,517
35,516
35,515
35,514
35,513
35,512
35,511
35,510
35,509
35,508
35,507
35,506
35,505
35,504
35,503
35,502
35,501
35,500
35,499
35,498
35,497
35,496
35,495
35,494
35,493
35,492
35,491
35,490
35,489
35,488
35,487
35,486
35,485
35,484
35,483
35,482
35,481
35,480
35,479
35,478
35,477
35,476
35,475
35,474
35,473
35,472
35,471
35,470
35,469
35,468
35,467
35,466
35,465
35,464
35,463
35,462
35,461
35,460
35,459
35,458
35,457
35,456
35,455
35,454
35,453
35,452
35,451
35,450
35,449
35,448
35,447
35,446
35,445
35,444
35,443
35,442
35,441
35,440
35,439
35,438
35,437
35,436
35,435
35,434
35,433
35,432
35,431
35,430
35,429
35,428
35,427
35,426
35,425
35,424
35,423
35,422
35,421
35,420
35,419
35,418
35,417
35,416
35,415
35,414
35,413
35,412
35,411
35,410
35,409
35,408
35,407
35,406
35,405
35,404
35,403
35,402
35,401
35,400
35,399
35,398
35,397
35,396
35,395
35,394
35,393
35,392
35,391
35,390
35,389
35,388
35,387
35,386
35,385
35,384
35,383
35,382
35,381
35,380
35,379
35,378
35,377
35,376
35,375
35,374
35,373
35,372
35,371
35,370
35,369
35,368
35,367
35,366
35,365
35,364
35,363
35,362
35,361
35,360
35,359
35,358
35,357
35,356
35,355
35,354
35,353
35,352
35,351
35,350
35,349
35,348
35,347
35,346
35,345
35,344
35,343
35,342
35,341
35,340
35,339
35,338
35,337
35,336
35,335
35,334
35,333
35,332
35,331
35,330
35,329
35,328
35,327
35,326
35,325
35,324
35,323
35,322
35,321
35,320
35,319
35,318
35,317
35,316
35,315
35,314
35,313
35,312
35,311
35,310
35,309
35,308
35,307
35,306
35,305
35,304
35,303
35,302
35,301
35,300
35,299
35,298
35,297
35,296
35,295
35,294
35,293
35,292
35,291
35,290
35,289
35,288
35,287
35,286
35,285
35,284
35,283
35,282
35,281
35,280
35,279
35,278
35,277
35,276
35,275
35,274
35,273
35,272
35,271
35,270
35,269
35,268
35,267
35,266
35,265
35,264
35,263
35,262
35,261
35,260
35,259
35,258
35,257
35,256
35,255
35,254
35,253
35,252
35,251
35,250
35,249
35,248
35,247
35,246
35,245
35,244
35,243
35,242
35,241
35,240
35,239
35,238
35,237
35,236
35,235
35,234
35,233
35,232
35,231
35,230
35,229
35,228
35,227
35,226
35,225
35,224
35,223
35,222
35,221
35,220
35,219
35,218
35,217
35,216
35,215
35,214
35,213
35,212
35,211
35,210
35,209
35,208
35,207
35,206
35,205
35,204
35,203
35,202
35,201
35,200
35,199
35,198
35,197
35,196
35,195
35,194
35,193
35,192
35,191
35,190
35,189
35,188
35,187
35,186
35,185
35,184
35,183
35,182
35,181
35,180
35,179
35,178
35,177
35,176
35,175
35,174
35,173
35,172
35,171
35,170
35,169
35,168
35,167
35,166
35,165
35,164
35,163
35,162
35,161
35,160
35,159
35,158
35,157
35,156
35,155
35,154
35,153
35,152
35,151
35,150
35,149
35,148
35,147
35,146
35,145
35,144
35,143
35,142
35,141
35,140
35,139
35,138
35,137
35,136
35,135
35,134
35,133
35,132
35,131
35,130
35,129
35,128
35,127
35,126
35,125
35,124
35,123
35,122
35,121
35,120
35,119
35,118
35,117
35,116
35,115
35,114
35,113
35,112
35,111
35,110
35,109
35,108
35,107
35,106
35,105
35,104
35,103
35,102
35,101
35,100
35,99
35,98
35,97
35,96
35,95
35,94
35,93
35,92
35,91
35,90
35,89
35,88
35,87
35,86
35,85
35,84
35,83
35,82
35,81
35,80
35,79
35,78
35,77
35,76
35,75
35,74
35,73
35,72
35,71
